# key: [d, r, c+, c-, u+, u-, c- & d, c- & r, u- & d, u- & r, m-, m+]

rep2008
[7, 30, 9, 9, 4, 4, 0, 4, 0, 4, 2, 0]

dem2008
[18, 4, 24, 30, 3, 15, 9, 2, 1, 0, 6, 2]

rep2012
[1, 27, 20, 23, 7, 12, 0, 4, 0, 5, 1, 0]

dem2012
[18, 4, 18, 42, 1, 37, 5, 1, 6, 1, 1, 0]

rep2016
[2, 19, 15, 31, 11, 17, 0, 5, 0, 5, 1, 0]

dem2016
[13, 2, 19, 39, 5, 20, 4, 1, 0, 0, 0, 0]

[[25.0, 25.0, 0.0, 0.0, 0.0, 0.0, 0.0, 0.0, 0.0, 0.0, 0.0, 0.0]]
[]
[]
[]

[]
[]
[[0.0, 0.0, 0.0, 0.0, 0.0, 0.0, 0.0, 0.0, 100.0, 0.0, 0.0, 0.0]]
[[0.0, 0.0, 0.0, 0.0, 0.0, 0.0, 100.0, 100.0, 0.0, 0.0, 0.0, 0.0], [0.0, 0.0, 0.0, 0.0, 0.0, 0.0, 100.0, 0.0, 0.0, 0.0, 0.0, 0.0], [0.0, 0.0, 0.0, 0.0, 0.0, 0.0, 0.0, 0.0, 100.0, 0.0, 0.0, 0.0]]

[[0.0, 20.0, 20.0, 0.0, 0.0, 0.0, 0.0, 0.0, 0.0, 0.0, 0.0, 20.0], [0.0, 0.0, 0.0, 0.0, 0.0, 0.0, 0.0, 0.0, 25.0, 25.0, 50.0, 25.0], [40.0, 60.0, 20.0, 20.0, 0.0, 0.0, 0.0, 0.0, 0.0, 0.0, 0.0, 0.0], [25.0, 75.0, 25.0, 0.0, 0.0, 0.0, 0.0, 0.0, 0.0, 0.0, 0.0, 0.0], [0.0, 0.0, 0.0, 0.0, 0.0, 0.0, 0.0, 0.0, 100.0, 0.0, 0.0, 0.0], [0.0, 0.0, 0.0, 0.0, 0.0, 0.0, 0.0, 0.0, 0.0, 100.0, 0.0, 0.0]]
[[0.0, 20.0, 40.0, 0.0, 0.0, 0.0, 0.0, 0.0, 0.0, 20.0, 20.0, 20.0], [0.0, 0.0, 0.0, 0.0, 0.0, 0.0, 0.0, 0.0, 0.0, 50.0, 0.0, 0.0], [50.0, 50.0, 0.0, 0.0, 0.0, 0.0, 0.0, 0.0, 0.0, 0.0, 0.0, 0.0], [0.0, 0.0, 0.0, 0.0, 0.0, 0.0, 0.0, 0.0, 0.0, 33.333333333333336, 33.333333333333336, 33.333333333333336], [0.0, 0.0, 0.0, 16.666666666666668, 0.0, 0.0, 0.0, 0.0, 16.666666666666668, 16.666666666666668, 33.333333333333336, 16.666666666666668], [40.0, 60.0, 20.0, 20.0, 0.0, 0.0, 0.0, 0.0, 0.0, 0.0, 0.0, 0.0], [0.0, 0.0, 0.0, 0.0, 0.0, 0.0, 0.0, 0.0, 0.0, 0.0, 0.0, 100.0], [50.0, 0.0, 0.0, 0.0, 0.0, 0.0, 0.0, 0.0, 0.0, 50.0, 0.0, 0.0], [0.0, 0.0, 0.0, 0.0, 0.0, 0.0, 0.0, 0.0, 100.0, 0.0, 0.0, 0.0], [0.0, 0.0, 25.0, 0.0, 0.0, 0.0, 0.0, 0.0, 0.0, 25.0, 25.0, 25.0], [0.0, 0.0, 0.0, 0.0, 0.0, 0.0, 0.0, 0.0, 0.0, 0.0, 0.0, 0.0], [0.0, 0.0, 0.0, 0.0, 0.0, 0.0, 0.0, 0.0, 100.0, 0.0, 0.0, 0.0], [0.0, 0.0, 0.0, 0.0, 0.0, 0.0, 0.0, 0.0, 0.0, 100.0, 0.0, 0.0]]
[]
[]

[]
[[0.0, 0.0, 0.0, 0.0, 0.0, 0.0, 0.0, 0.0, 0.0, 100.0, 0.0, 100.0], [0.0, 0.0, 0.0, 0.0, 0.0, 0.0, 0.0, 0.0, 25.0, 75.0, 0.0, 25.0], [0.0, 0.0, 0.0, 0.0, 0.0, 50.0, 50.0, 0.0, 0.0, 50.0, 0.0, 50.0]]
[[0.0, 0.0, 0.0, 0.0, 0.0, 50.0, 0.0, 0.0, 0.0, 50.0, 0.0, 25.0]]
[[0.0, 0.0, 0.0, 0.0, 0.0, 0.0, 0.0, 0.0, 0.0, 66.66666666666667, 0.0, 100.0], [0.0, 0.0, 0.0, 0.0, 0.0, 0.0, 0.0, 0.0, 0.0, 100.0, 0.0, 100.0], [0.0, 0.0, 0.0, 0.0, 0.0, 50.0, 0.0, 0.0, 0.0, 50.0, 0.0, 25.0], [0.0, 0.0, 0.0, 0.0, 0.0, 0.0, 0.0, 0.0, 0.0, 100.0, 0.0, 0.0]]

[[0.0, 0.0, 0.0, 0.0, 0.0, 0.0, 0.0, 0.0, 0.0, 100.0, 0.0, 0.0], [0.0, 14.285714285714286, 14.285714285714286, 0.0, 0.0, 0.0, 0.0, 0.0, 71.42857142857143, 28.571428571428573, 0.0, 71.42857142857143], [0.0, 0.0, 0.0, 0.0, 0.0, 0.0, 0.0, 0.0, 0.0, 0.0, 100.0, 0.0], [0.0, 0.0, 33.333333333333336, 0.0, 0.0, 0.0, 0.0, 0.0, 0.0, 33.333333333333336, 0.0, 66.66666666666667], [0.0, 20.0, 20.0, 10.0, 0.0, 0.0, 0.0, 0.0, 50.0, 20.0, 0.0, 60.0], [0.0, 0.0, 0.0, 0.0, 0.0, 0.0, 0.0, 0.0, 0.0, 0.0, 0.0, 0.0], [0.0, 14.285714285714286, 21.428571428571427, 14.285714285714286, 0.0, 0.0, 0.0, 0.0, 35.714285714285715, 21.428571428571427, 0.0, 50.0], [0.0, 60.0, 20.0, 20.0, 0.0, 0.0, 0.0, 0.0, 0.0, 0.0, 0.0, 0.0]]
[[0.0, 0.0, 0.0, 0.0, 0.0, 0.0, 0.0, 0.0, 0.0, 100.0, 0.0, 0.0], [0.0, 0.0, 0.0, 0.0, 0.0, 0.0, 0.0, 0.0, 0.0, 0.0, 100.0, 0.0], [0.0, 0.0, 33.333333333333336, 0.0, 0.0, 0.0, 0.0, 0.0, 0.0, 33.333333333333336, 0.0, 66.66666666666667], [0.0, 12.5, 12.5, 12.5, 0.0, 0.0, 0.0, 0.0, 62.5, 25.0, 0.0, 62.5], [0.0, 14.285714285714286, 42.857142857142854, 14.285714285714286, 0.0, 0.0, 0.0, 0.0, 0.0, 14.285714285714286, 0.0, 57.142857142857146], [0.0, 0.0, 0.0, 0.0, 0.0, 0.0, 0.0, 0.0, 0.0, 100.0, 0.0, 100.0], [0.0, 20.0, 20.0, 10.0, 0.0, 0.0, 0.0, 0.0, 50.0, 20.0, 0.0, 60.0], [0.0, 0.0, 0.0, 0.0, 0.0, 0.0, 0.0, 0.0, 83.33333333333333, 33.333333333333336, 0.0, 83.33333333333333], [0.0, 0.0, 0.0, 0.0, 0.0, 0.0, 0.0, 0.0, 0.0, 0.0, 0.0, 100.0], [0.0, 75.0, 0.0, 25.0, 0.0, 0.0, 0.0, 0.0, 0.0, 0.0, 0.0, 0.0], [0.0, 0.0, 0.0, 0.0, 0.0, 0.0, 0.0, 0.0, 0.0, 100.0, 0.0, 100.0], [0.0, 0.0, 0.0, 0.0, 0.0, 0.0, 0.0, 0.0, 0.0, 0.0, 0.0, 100.0], [0.0, 14.285714285714286, 21.428571428571427, 14.285714285714286, 0.0, 0.0, 0.0, 0.0, 35.714285714285715, 21.428571428571427, 0.0, 50.0], [0.0, 0.0, 0.0, 0.0, 0.0, 0.0, 0.0, 0.0, 0.0, 0.0, 0.0, 66.66666666666667], [0.0, 0.0, 40.0, 20.0, 0.0, 0.0, 0.0, 0.0, 0.0, 20.0, 0.0, 60.0], [50.0, 0.0, 50.0, 50.0, 0.0, 0.0, 0.0, 0.0, 0.0, 0.0, 0.0, 0.0], [0.0, 20.0, 0.0, 0.0, 0.0, 0.0, 0.0, 0.0, 0.0, 33.333333333333336, 6.666666666666667, 26.666666666666668]]
[[0.0, 8.333333333333334, 0.0, 0.0, 8.333333333333334, 8.333333333333334, 0.0, 0.0, 8.333333333333334, 41.666666666666664, 0.0, 8.333333333333334]]
[[0.0, 8.333333333333334, 0.0, 0.0, 8.333333333333334, 8.333333333333334, 0.0, 0.0, 8.333333333333334, 41.666666666666664, 0.0, 8.333333333333334]]

[[0.0, 0.0, 0.0, 0.0, 0.0, 0.0, 0.0, 0.0, 50.0, 50.0, 50.0, 50.0]]
[[0.0, 0.0, 0.0, 0.0, 0.0, 0.0, 0.0, 0.0, 50.0, 50.0, 50.0, 50.0]]
[[0.0, 0.0, 0.0, 0.0, 100.0, 0.0, 0.0, 0.0, 0.0, 0.0, 0.0, 0.0], [0.0, 0.0, 0.0, 0.0, 0.0, 0.0, 100.0, 100.0, 0.0, 0.0, 0.0, 0.0]]
[[0.0, 0.0, 0.0, 0.0, 100.0, 0.0, 0.0, 0.0, 0.0, 0.0, 0.0, 0.0], [0.0, 0.0, 0.0, 0.0, 0.0, 0.0, 100.0, 100.0, 0.0, 0.0, 0.0, 0.0], [0.0, 0.0, 0.0, 0.0, 0.0, 0.0, 0.0, 0.0, 0.0, 100.0, 0.0, 50.0], [0.0, 0.0, 0.0, 0.0, 0.0, 0.0, 0.0, 0.0, 0.0, 0.0, 0.0, 100.0]]
